[gd_scene format=3 uid="uid://bgw2tanm4il3j"]

[ext_resource type="Script" uid="uid://cj85ykry5pr77" path="res://avatars/tunnelvrplayeravatar/VRPlayerAvatar.gd" id="2"]
[ext_resource type="PackedScene" uid="uid://bbaqpr5iyh7x5" path="res://avatars/tunnelvrplayeravatar/boneattachgfinger.tscn" id="3_c0lny"]
[ext_resource type="PackedScene" uid="uid://dhaqth6q5yw4n" path="res://addons/godot-xr-tools/hands/model/hand_l.gltf" id="7_s2tnc"]
[ext_resource type="PackedScene" uid="uid://ds1t8vc0kxoeo" path="res://addons/godot-xr-tools/hands/model/hand_r.gltf" id="9_v8raj"]

[sub_resource type="BoxMesh" id="1"]
size = Vector3(0.2, 0.1, 0.1)

[sub_resource type="StandardMaterial3D" id="2"]
albedo_color = Color(0.105882, 0.188235, 0.509804, 1)

[sub_resource type="SphereMesh" id="3"]
radius = 0.14
height = 0.3
radial_segments = 24
rings = 24

[sub_resource type="StandardMaterial3D" id="4"]
albedo_color = Color(0.741176, 0.623529, 0.584314, 1)

[sub_resource type="BoxMesh" id="BoxMesh_c7mpy"]
size = Vector3(0.05, 0.01, 0.001)

[sub_resource type="StandardMaterial3D" id="StandardMaterial3D_qiaoq"]
transparency = 1
albedo_color = Color(1, 1, 0, 1)

[sub_resource type="Animation" id="Animation_1xqwv"]
length = 1.2
tracks/0/type = "position_3d"
tracks/0/imported = false
tracks/0/enabled = true
tracks/0/path = NodePath(".")
tracks/0/interp = 1
tracks/0/loop_wrap = true
tracks/0/keys = PackedFloat32Array()
tracks/1/type = "rotation_3d"
tracks/1/imported = false
tracks/1/enabled = true
tracks/1/path = NodePath(".")
tracks/1/interp = 1
tracks/1/loop_wrap = true
tracks/1/keys = PackedFloat32Array()
tracks/2/type = "value"
tracks/2/imported = false
tracks/2/enabled = true
tracks/2/path = NodePath(".:visible")
tracks/2/interp = 1
tracks/2/loop_wrap = true
tracks/2/keys = {
"times": PackedFloat32Array(),
"transitions": PackedFloat32Array(),
"update": 1,
"values": []
}
tracks/3/type = "position_3d"
tracks/3/imported = false
tracks/3/enabled = true
tracks/3/path = NodePath("HeadCam")
tracks/3/interp = 1
tracks/3/loop_wrap = true
tracks/3/keys = PackedFloat32Array()
tracks/4/type = "rotation_3d"
tracks/4/imported = false
tracks/4/enabled = true
tracks/4/path = NodePath("HeadCam")
tracks/4/interp = 1
tracks/4/loop_wrap = true
tracks/4/keys = PackedFloat32Array()
tracks/5/type = "value"
tracks/5/imported = false
tracks/5/enabled = true
tracks/5/path = NodePath("HeadCam/NameplateLabel3D:text")
tracks/5/interp = 1
tracks/5/loop_wrap = true
tracks/5/keys = {
"times": PackedFloat32Array(),
"transitions": PackedFloat32Array(),
"update": 1,
"values": []
}
tracks/6/type = "position_3d"
tracks/6/imported = false
tracks/6/enabled = true
tracks/6/path = NodePath("hand_l")
tracks/6/interp = 1
tracks/6/loop_wrap = true
tracks/6/keys = PackedFloat32Array()
tracks/7/type = "rotation_3d"
tracks/7/imported = false
tracks/7/enabled = true
tracks/7/path = NodePath("hand_l")
tracks/7/interp = 1
tracks/7/loop_wrap = true
tracks/7/keys = PackedFloat32Array()
tracks/8/type = "position_3d"
tracks/8/imported = false
tracks/8/enabled = true
tracks/8/path = NodePath("hand_r")
tracks/8/interp = 1
tracks/8/loop_wrap = true
tracks/8/keys = PackedFloat32Array()
tracks/9/type = "rotation_3d"
tracks/9/imported = false
tracks/9/enabled = true
tracks/9/path = NodePath("hand_r")
tracks/9/interp = 1
tracks/9/loop_wrap = true
tracks/9/keys = PackedFloat32Array()
tracks/10/type = "rotation_3d"
tracks/10/imported = false
tracks/10/enabled = true
tracks/10/path = NodePath("hand_l/Armature/Skeleton3D:Index_Metacarpal_L")
tracks/10/interp = 1
tracks/10/loop_wrap = true
tracks/10/keys = PackedFloat32Array()
tracks/11/type = "rotation_3d"
tracks/11/imported = false
tracks/11/enabled = true
tracks/11/path = NodePath("hand_l/Armature/Skeleton3D:Index_Proximal_L")
tracks/11/interp = 1
tracks/11/loop_wrap = true
tracks/11/keys = PackedFloat32Array()
tracks/12/type = "rotation_3d"
tracks/12/imported = false
tracks/12/enabled = true
tracks/12/path = NodePath("hand_l/Armature/Skeleton3D:Index_Intermediate_L")
tracks/12/interp = 1
tracks/12/loop_wrap = true
tracks/12/keys = PackedFloat32Array()
tracks/13/type = "rotation_3d"
tracks/13/imported = false
tracks/13/enabled = true
tracks/13/path = NodePath("hand_l/Armature/Skeleton3D:Index_Distal_L")
tracks/13/interp = 1
tracks/13/loop_wrap = true
tracks/13/keys = PackedFloat32Array()
tracks/14/type = "rotation_3d"
tracks/14/imported = false
tracks/14/enabled = true
tracks/14/path = NodePath("hand_l/Armature/Skeleton3D:Thumb_Metacarpal_L")
tracks/14/interp = 1
tracks/14/loop_wrap = true
tracks/14/keys = PackedFloat32Array()
tracks/15/type = "rotation_3d"
tracks/15/imported = false
tracks/15/enabled = true
tracks/15/path = NodePath("hand_l/Armature/Skeleton3D:Thumb_Proximal_L")
tracks/15/interp = 1
tracks/15/loop_wrap = true
tracks/15/keys = PackedFloat32Array()
tracks/16/type = "rotation_3d"
tracks/16/imported = false
tracks/16/enabled = true
tracks/16/path = NodePath("hand_l/Armature/Skeleton3D:Thumb_Distal_L")
tracks/16/interp = 1
tracks/16/loop_wrap = true
tracks/16/keys = PackedFloat32Array()
tracks/17/type = "rotation_3d"
tracks/17/imported = false
tracks/17/enabled = true
tracks/17/path = NodePath("hand_l/Armature/Skeleton3D:Middle_Proximal_L")
tracks/17/interp = 1
tracks/17/loop_wrap = true
tracks/17/keys = PackedFloat32Array()
tracks/18/type = "rotation_3d"
tracks/18/imported = false
tracks/18/enabled = true
tracks/18/path = NodePath("hand_l/Armature/Skeleton3D:Middle_Intermediate_L")
tracks/18/interp = 1
tracks/18/loop_wrap = true
tracks/18/keys = PackedFloat32Array()
tracks/19/type = "rotation_3d"
tracks/19/imported = false
tracks/19/enabled = true
tracks/19/path = NodePath("hand_l/Armature/Skeleton3D:Middle_Distal_L")
tracks/19/interp = 1
tracks/19/loop_wrap = true
tracks/19/keys = PackedFloat32Array()
tracks/20/type = "rotation_3d"
tracks/20/imported = false
tracks/20/enabled = true
tracks/20/path = NodePath("hand_l/Armature/Skeleton3D:Ring_Proximal_L")
tracks/20/interp = 1
tracks/20/loop_wrap = true
tracks/20/keys = PackedFloat32Array()
tracks/21/type = "rotation_3d"
tracks/21/imported = false
tracks/21/enabled = true
tracks/21/path = NodePath("hand_l/Armature/Skeleton3D:Ring_Intermediate_L")
tracks/21/interp = 1
tracks/21/loop_wrap = true
tracks/21/keys = PackedFloat32Array()
tracks/22/type = "rotation_3d"
tracks/22/imported = false
tracks/22/enabled = true
tracks/22/path = NodePath("hand_l/Armature/Skeleton3D:Ring_Distal_L")
tracks/22/interp = 1
tracks/22/loop_wrap = true
tracks/22/keys = PackedFloat32Array()
tracks/23/type = "rotation_3d"
tracks/23/imported = false
tracks/23/enabled = true
tracks/23/path = NodePath("hand_l/Armature/Skeleton3D:Little_Proximal_L")
tracks/23/interp = 1
tracks/23/loop_wrap = true
tracks/23/keys = PackedFloat32Array()
tracks/24/type = "rotation_3d"
tracks/24/imported = false
tracks/24/enabled = true
tracks/24/path = NodePath("hand_l/Armature/Skeleton3D:Little_Intermediate_L")
tracks/24/interp = 1
tracks/24/loop_wrap = true
tracks/24/keys = PackedFloat32Array()
tracks/25/type = "rotation_3d"
tracks/25/imported = false
tracks/25/enabled = true
tracks/25/path = NodePath("hand_l/Armature/Skeleton3D:Little_Distal_L")
tracks/25/interp = 1
tracks/25/loop_wrap = true
tracks/25/keys = PackedFloat32Array()
tracks/26/type = "rotation_3d"
tracks/26/imported = false
tracks/26/enabled = true
tracks/26/path = NodePath("hand_r/Armature/Skeleton3D:Thumb_Metacarpal_R")
tracks/26/interp = 1
tracks/26/loop_wrap = true
tracks/26/keys = PackedFloat32Array()
tracks/27/type = "rotation_3d"
tracks/27/imported = false
tracks/27/enabled = true
tracks/27/path = NodePath("hand_r/Armature/Skeleton3D:Thumb_Proximal_R")
tracks/27/interp = 1
tracks/27/loop_wrap = true
tracks/27/keys = PackedFloat32Array()
tracks/28/type = "rotation_3d"
tracks/28/imported = false
tracks/28/enabled = true
tracks/28/path = NodePath("hand_r/Armature/Skeleton3D:Thumb_Distal_R")
tracks/28/interp = 1
tracks/28/loop_wrap = true
tracks/28/keys = PackedFloat32Array()
tracks/29/type = "rotation_3d"
tracks/29/imported = false
tracks/29/enabled = true
tracks/29/path = NodePath("hand_r/Armature/Skeleton3D:Index_Metacarpal_R")
tracks/29/interp = 1
tracks/29/loop_wrap = true
tracks/29/keys = PackedFloat32Array()
tracks/30/type = "rotation_3d"
tracks/30/imported = false
tracks/30/enabled = true
tracks/30/path = NodePath("hand_r/Armature/Skeleton3D:Index_Proximal_R")
tracks/30/interp = 1
tracks/30/loop_wrap = true
tracks/30/keys = PackedFloat32Array()
tracks/31/type = "rotation_3d"
tracks/31/imported = false
tracks/31/enabled = true
tracks/31/path = NodePath("hand_r/Armature/Skeleton3D:Index_Intermediate_R")
tracks/31/interp = 1
tracks/31/loop_wrap = true
tracks/31/keys = PackedFloat32Array()
tracks/32/type = "rotation_3d"
tracks/32/imported = false
tracks/32/enabled = true
tracks/32/path = NodePath("hand_r/Armature/Skeleton3D:Index_Distal_R")
tracks/32/interp = 1
tracks/32/loop_wrap = true
tracks/32/keys = PackedFloat32Array()
tracks/33/type = "rotation_3d"
tracks/33/imported = false
tracks/33/enabled = true
tracks/33/path = NodePath("hand_r/Armature/Skeleton3D:Middle_Metacarpal_R")
tracks/33/interp = 1
tracks/33/loop_wrap = true
tracks/33/keys = PackedFloat32Array()
tracks/34/type = "rotation_3d"
tracks/34/imported = false
tracks/34/enabled = true
tracks/34/path = NodePath("hand_r/Armature/Skeleton3D:Middle_Proximal_R")
tracks/34/interp = 1
tracks/34/loop_wrap = true
tracks/34/keys = PackedFloat32Array()
tracks/35/type = "rotation_3d"
tracks/35/imported = false
tracks/35/enabled = true
tracks/35/path = NodePath("hand_r/Armature/Skeleton3D:Middle_Intermediate_R")
tracks/35/interp = 1
tracks/35/loop_wrap = true
tracks/35/keys = PackedFloat32Array()
tracks/36/type = "rotation_3d"
tracks/36/imported = false
tracks/36/enabled = true
tracks/36/path = NodePath("hand_r/Armature/Skeleton3D:Middle_Distal_R")
tracks/36/interp = 1
tracks/36/loop_wrap = true
tracks/36/keys = PackedFloat32Array()
tracks/37/type = "rotation_3d"
tracks/37/imported = false
tracks/37/enabled = true
tracks/37/path = NodePath("hand_r/Armature/Skeleton3D:Ring_Metacarpal_R")
tracks/37/interp = 1
tracks/37/loop_wrap = true
tracks/37/keys = PackedFloat32Array()
tracks/38/type = "rotation_3d"
tracks/38/imported = false
tracks/38/enabled = true
tracks/38/path = NodePath("hand_r/Armature/Skeleton3D:Ring_Proximal_R")
tracks/38/interp = 1
tracks/38/loop_wrap = true
tracks/38/keys = PackedFloat32Array()
tracks/39/type = "rotation_3d"
tracks/39/imported = false
tracks/39/enabled = true
tracks/39/path = NodePath("hand_r/Armature/Skeleton3D:Ring_Intermediate_R")
tracks/39/interp = 1
tracks/39/loop_wrap = true
tracks/39/keys = PackedFloat32Array()
tracks/40/type = "rotation_3d"
tracks/40/imported = false
tracks/40/enabled = true
tracks/40/path = NodePath("hand_r/Armature/Skeleton3D:Ring_Distal_R")
tracks/40/interp = 1
tracks/40/loop_wrap = true
tracks/40/keys = PackedFloat32Array()
tracks/41/type = "rotation_3d"
tracks/41/imported = false
tracks/41/enabled = true
tracks/41/path = NodePath("hand_r/Armature/Skeleton3D:Little_Metacarpal_R")
tracks/41/interp = 1
tracks/41/loop_wrap = true
tracks/41/keys = PackedFloat32Array()
tracks/42/type = "rotation_3d"
tracks/42/imported = false
tracks/42/enabled = true
tracks/42/path = NodePath("hand_r/Armature/Skeleton3D:Little_Proximal_R")
tracks/42/interp = 1
tracks/42/loop_wrap = true
tracks/42/keys = PackedFloat32Array()
tracks/43/type = "rotation_3d"
tracks/43/imported = false
tracks/43/enabled = true
tracks/43/path = NodePath("hand_r/Armature/Skeleton3D:Little_Intermediate_R")
tracks/43/interp = 1
tracks/43/loop_wrap = true
tracks/43/keys = PackedFloat32Array()
tracks/44/type = "rotation_3d"
tracks/44/imported = false
tracks/44/enabled = true
tracks/44/path = NodePath("hand_r/Armature/Skeleton3D:Little_Distal_R")
tracks/44/interp = 1
tracks/44/loop_wrap = true
tracks/44/keys = PackedFloat32Array()
tracks/45/type = "scale_3d"
tracks/45/imported = false
tracks/45/enabled = true
tracks/45/path = NodePath("HeadCam/AudioStreamPlayer/MouthSign")
tracks/45/interp = 1
tracks/45/loop_wrap = true
tracks/45/keys = PackedFloat32Array()

[sub_resource type="AnimationLibrary" id="AnimationLibrary_qatlg"]
resource_local_to_scene = true
_data = {
&"trackstemplate": SubResource("Animation_1xqwv")
}

[node name="VRPlayerAvatar" type="Node3D" unique_id=1613864373]
script = ExtResource("2")

[node name="HeadCam" type="CSGMesh3D" parent="." unique_id=1570621598]
mesh = SubResource("1")
material = SubResource("2")

[node name="skullcomponent" type="CSGMesh3D" parent="HeadCam" unique_id=1317303220]
transform = Transform3D(0.9, 0, 0, 0, 1, 0, 0, 0, 0.98, 0, -0.051, 0.085)
mesh = SubResource("3")
material = SubResource("4")

[node name="NameplateLabel3D" type="Label3D" parent="HeadCam" unique_id=1906792031]
transform = Transform3D(1, 0, 0, 0, 1, 0, 0, 0, 1, 0, 0.162971, 0)
pixel_size = 0.002
billboard = 1
text = "<name>"

[node name="AudioStreamPlayer" type="AudioStreamPlayer3D" parent="HeadCam" unique_id=1520067620]
transform = Transform3D(1, 0, 0, 0, 1, 0, 0, 0, 1, 0, -0.102821, -0.057813)

[node name="MouthSign" type="MeshInstance3D" parent="HeadCam/AudioStreamPlayer" unique_id=1504543437]
mesh = SubResource("BoxMesh_c7mpy")
surface_material_override/0 = SubResource("StandardMaterial3D_qiaoq")

[node name="hand_l" parent="." unique_id=452319383 instance=ExtResource("7_s2tnc")]
transform = Transform3D(1, 0, 0, 0, 1, 0, 0, 0, 1, -0.146362, 0.19066158, -0.157425)

[node name="BoneAttachment3D" parent="hand_l/Armature/Skeleton3D" parent_id_path=PackedInt32Array(452319383, 1364597144) index="1" unique_id=1218772559 instance=ExtResource("3_c0lny")]
transform = Transform3D(0.96752554, 0.25232607, -0.015030187, -0.015030141, 0.1167842, 0.9930434, 0.25232598, -0.96056914, 0.11678411, -0.006658015, 0.042791262, -0.16986834)

[node name="BoneAttachment3D2" parent="hand_l/Armature/Skeleton3D" parent_id_path=PackedInt32Array(452319383, 1364597144) index="2" unique_id=990213656 instance=ExtResource("3_c0lny")]
transform = Transform3D(0.9804201, 0.19691232, 0.0014979914, 0.001497997, -0.015065027, 0.9998854, 0.1969123, -0.98030525, -0.015065055, -0.0032721236, -0.0077142436, -0.1763176)
bone_name = "Middle_Tip_L"
bone_idx = 14

[node name="MeshInstance3D" parent="hand_l/Armature/Skeleton3D/BoneAttachment3D2" index="0" unique_id=1088624536]
transform = Transform3D(0.01, 2.3283062e-10, 3.3881313e-19, -2.3283062e-10, 0.01, 1.4551915e-11, 0, -1.4551915e-11, 0.01, -0.0033248365, -0.00066778064, -5.066395e-06)

[node name="hand_r" parent="." unique_id=628636793 instance=ExtResource("9_v8raj")]
transform = Transform3D(1, 0, 0, 0, 1, 0, 0, 0, 1, 0.0879506, -0.231131, -0.154249)

[node name="BoneAttachment3D" parent="hand_r/Armature/Skeleton3D" parent_id_path=PackedInt32Array(628636793, 2044004441) index="1" unique_id=946397415 instance=ExtResource("3_c0lny")]
transform = Transform3D(0.96752554, -0.25232607, 0.015030187, 0.015030141, 0.1167842, 0.9930434, -0.25232598, -0.96056914, 0.11678411, 0.006658015, 0.042791262, -0.16986834)

[node name="BoneAttachment3D2" parent="hand_r/Armature/Skeleton3D" parent_id_path=PackedInt32Array(628636793, 2044004441) index="2" unique_id=1841790715 instance=ExtResource("3_c0lny")]
transform = Transform3D(0.9804201, -0.19691232, -0.0014979914, -0.001497997, -0.015065027, 0.9998854, -0.1969123, -0.98030525, -0.015065055, 0.0032721236, -0.0077142436, -0.1763176)
bone_name = "Middle_Tip_R"
bone_idx = 14

[node name="MeshInstance3D" parent="hand_r/Armature/Skeleton3D/BoneAttachment3D2" index="0" unique_id=1088624536]
transform = Transform3D(0.010000001, 0, -1.8189894e-12, 2.3283064e-10, 0.01, 0, 0, -1.4551915e-11, 0.01, 0.0067504495, -0.001355797, -1.0311604e-05)

[node name="BoneAttachment3D3" parent="hand_r/Armature/Skeleton3D" parent_id_path=PackedInt32Array(628636793, 2044004441) index="3" unique_id=105482335 instance=ExtResource("3_c0lny")]
transform = Transform3D(0.9763724, -0.21537347, -0.01763485, -0.017634865, -0.16074842, 0.9868374, -0.21537338, -0.96321005, -0.16074839, -0.0004060613, -0.04464596, -0.16182832)
bone_name = "Ring_Tip_R"
bone_idx = 19

[node name="MeshInstance3D" parent="hand_r/Armature/Skeleton3D/BoneAttachment3D3" index="0" unique_id=1088624536]
transform = Transform3D(0.010000001, 0, -2.910383e-11, -2.3283064e-10, 0.010000001, -1.1641532e-10, 0, 0, 0.010000002, -0.00010052323, -0.0009162128, 0.0056247115)

[node name="BoneAttachment3D4" parent="hand_r/Armature/Skeleton3D" parent_id_path=PackedInt32Array(628636793, 2044004441) index="4" unique_id=1457562881 instance=ExtResource("3_c0lny")]
transform = Transform3D(0.9713488, -0.23541628, -0.03255767, -0.032557618, -0.26751724, 0.96300304, -0.23541619, -0.9343517, -0.26751736, -0.010993497, -0.063789845, -0.12780203)
bone_name = "Little_Tip_R"
bone_idx = 24

[node name="BoneAttachment3D5" parent="hand_r/Armature/Skeleton3D" parent_id_path=PackedInt32Array(628636793, 2044004441) index="5" unique_id=1075219123 instance=ExtResource("3_c0lny")]
transform = Transform3D(0.96704245, -0.24582031, 0.06634387, 0.0663439, 0.494837, 0.8664496, -0.24582022, -0.833492, 0.494837, -0.026156932, 0.08919635, -0.09344184)
bone_name = "Thumb_Tip_R"
bone_idx = 4

[node name="BoneAttachment3D6" parent="hand_r/Armature/Skeleton3D" parent_id_path=PackedInt32Array(628636793, 2044004441) index="6" unique_id=1177827778 instance=ExtResource("3_c0lny")]
transform = Transform3D(0.8950031, -0.4431807, 0.050599694, 0.050599616, 0.21357578, 0.9756151, -0.44318065, -0.87061846, 0.21357569, 0.01879895, 0.03694036, -0.14601776)
bone_name = "Index_Distal_R"
bone_idx = 8

[node name="BoneAttachment3D7" parent="hand_r/Armature/Skeleton3D" parent_id_path=PackedInt32Array(628636793, 2044004441) index="7" unique_id=1248325615 instance=ExtResource("3_c0lny")]
transform = Transform3D(0.9817361, -0.18931618, 0.018803637, 0.018803578, 0.1949107, 0.9806406, -0.18931624, -0.96237683, 0.19491066, 0.024733197, 0.030830748, -0.11585141)
bone_name = "Index_Intermediate_R"
bone_idx = 7

[node name="BoneAttachment3D8" parent="hand_r/Armature/Skeleton3D" parent_id_path=PackedInt32Array(628636793, 2044004441) index="8" unique_id=19790256 instance=ExtResource("3_c0lny")]
transform = Transform3D(0.95942616, 0.28016537, -0.03176212, -0.03176213, 0.21931979, 0.97513574, 0.2801653, -0.9345621, 0.21931975, 0.014054321, 0.022471085, -0.08022933)
bone_name = "Index_Proximal_R"
bone_idx = 6

[node name="BoneAttachment3D9" parent="hand_r/Armature/Skeleton3D" parent_id_path=PackedInt32Array(628636793, 2044004441) index="9" unique_id=2013176421 instance=ExtResource("3_c0lny")]
transform = Transform3D(0.99872696, 0.050441515, -1.2354584e-05, -1.2352139e-05, 0.00048949744, 0.99999976, 0.050441507, -0.9987268, 0.0004894977, 0.010000459, 0.022431742, 3.5928562e-05)
bone_name = "Index_Metacarpal_R"
bone_idx = 5

[node name="BoneAttachment3D10" parent="hand_r/Armature/Skeleton3D" parent_id_path=PackedInt32Array(628636793, 2044004441) index="10" unique_id=362319631 instance=ExtResource("3_c0lny")]
transform = Transform3D(0.8594429, -0.5111096, -0.011181752, -0.01118177, -0.040660366, 0.9991104, -0.5111095, -0.8585533, -0.040660396, 0.015204784, -0.006764963, -0.1562733)
bone_name = "Middle_Distal_R"
bone_idx = 13

[node name="BoneAttachment3D11" parent="hand_r/Armature/Skeleton3D" parent_id_path=PackedInt32Array(628636793, 2044004441) index="11" unique_id=565726235 instance=ExtResource("3_c0lny")]
transform = Transform3D(0.9805001, -0.19651337, -0.0014451833, -0.0014451891, -0.014564082, 0.9998929, -0.19651334, -0.9803928, -0.014564119, 0.021575103, -0.0062928433, -0.12449223)
bone_name = "Middle_Intermediate_R"
bone_idx = 12

[node name="BoneAttachment3D12" parent="hand_r/Armature/Skeleton3D" parent_id_path=PackedInt32Array(628636793, 2044004441) index="12" unique_id=689186893 instance=ExtResource("3_c0lny")]
transform = Transform3D(0.996885, 0.078781836, 0.003708988, 0.0037089917, -0.093803905, 0.9955838, 0.07878184, -0.9924686, -0.09380393, 0.018029656, -0.002071353, -0.07982781)
bone_name = "Middle_Proximal_R"
bone_idx = 11

[node name="PlayerAnimation" type="AnimationPlayer" parent="." unique_id=470521]
libraries/playeral = SubResource("AnimationLibrary_qatlg")

[editable path="hand_l"]
[editable path="hand_l/Armature/Skeleton3D/BoneAttachment3D"]
[editable path="hand_l/Armature/Skeleton3D/BoneAttachment3D2"]
[editable path="hand_r"]
[editable path="hand_r/Armature/Skeleton3D/BoneAttachment3D"]
[editable path="hand_r/Armature/Skeleton3D/BoneAttachment3D2"]
[editable path="hand_r/Armature/Skeleton3D/BoneAttachment3D3"]
[editable path="hand_r/Armature/Skeleton3D/BoneAttachment3D4"]
[editable path="hand_r/Armature/Skeleton3D/BoneAttachment3D5"]
[editable path="hand_r/Armature/Skeleton3D/BoneAttachment3D6"]
[editable path="hand_r/Armature/Skeleton3D/BoneAttachment3D7"]
[editable path="hand_r/Armature/Skeleton3D/BoneAttachment3D8"]
[editable path="hand_r/Armature/Skeleton3D/BoneAttachment3D9"]
[editable path="hand_r/Armature/Skeleton3D/BoneAttachment3D10"]
[editable path="hand_r/Armature/Skeleton3D/BoneAttachment3D11"]
[editable path="hand_r/Armature/Skeleton3D/BoneAttachment3D12"]
